jails:
  tu:
    world: 5ff962dd-e74a-46ae-ac93-caa740cdbf56
    world-name: world
    x: 1068.3844331825956
    y: 98.0
    z: -2307.5612849848194
    yaw: -96.60003662109375
    pitch: 49.050018310546875
