world: 5ff962dd-e74a-46ae-ac93-caa740cdbf56
world-name: world
x: 1068.1126116799383
y: 98.0
z: -2294.8811405515344
yaw: 178.94976806640625
pitch: 15.899930000305176
name: traigiam
lastowner: 8ac0371b-482b-3bf4-8293-abbb94f6a9ef
